metadata:100:20:100
weights:first
0.0267162,0.00060983,0.0678537,-0.0967999,-0.0748634,0.0474858,0.0362113,-0.0139887,0.0551204,0.0683398,0.0416872,-0.0885635,-0.0841817,0.0942719,0.0544176,0.0085277,-0.0854589,0.0573126,-0.0359357,-0.0186836
0.013666,-0.0709292,0.0750656,0.0792258,-0.0266039,-0.0514629,0.0668992,0.0840057,0.0891888,-0.0297336,0.0457581,-0.0579166,0.0105737,0.0286916,-0.0293365,-0.084472,0.0758897,0.0586238,-0.0952189,0.00752638
0.0657999,-0.0681804,-0.0408664,-0.00263681,0.0440796,-0.00405602,-0.074394,0.0775316,-0.0903048,-0.0901834,-0.044834,-0.0933395,-0.037959,-0.0504862,0.0551834,-0.0234667,0.0220681,0.0114116,-0.0660104,0.0361319
-0.0803801,-0.00845083,-0.0116116,-0.038488,0.0651121,0.0237244,0.0246969,-0.0280195,0.07266,0.00432106,-0.0287903,-0.0230144,-0.0889966,-0.0900689,-0.0707074,0.0243101,0.0150921,0.0210131,0.0142054,-0.0472884
0.0460736,0.0221628,-0.053395,-0.0680806,0.0469467,0.0146945,-0.0766453,-0.0871209,-0.00769111,-0.0238131,0.0497897,-0.0481428,0.021689,-0.0957646,-0.073276,-0.00370946,-0.044914,-0.0297298,0.0194375,-0.0711313
-0.0887572,0.00906177,0.0046955,0.0419161,-0.000341929,-0.00979374,0.0376825,0.0634966,0.0858308,-0.0938684,-0.0181116,-0.0375113,-0.0309864,-0.0826018,-0.0921488,-0.0894419,0.0370414,0.052617,0.051456,-0.0164057
0.0770077,-0.00146527,0.0895752,-0.0213064,-0.0462135,-0.0394976,0.0220991,0.0963052,-0.00737198,-0.053676,-0.00266047,-0.00535754,0.047829,-0.0845281,-0.0987049,-0.0613512,-0.064357,-0.0315544,-0.0812773,-0.0612123
-0.0149209,-0.0928184,-0.0579404,-0.0503151,0.090706,-0.0476747,0.0644356,-0.00587194,0.034488,-0.0889131,0.0987216,-0.0851817,-0.096867,-0.0565671,0.0444748,0.0626033,-0.0905097,0.0587592,0.0141742,0.00167384
-0.0838757,-0.00801669,-0.0404462,-0.0903331,-0.0440707,-0.048315,-0.00991152,0.0441174,-0.0697812,0.0630078,-0.00219276,0.0592264,-0.0652148,0.0156099,0.0964018,-0.0413057,0.0190994,-0.0211952,-0.0155347,0.0543385
-0.0989975,0.0962727,0.0767953,-0.057878,0.0412295,-0.0593585,-0.0563358,-0.0821592,0.0982145,0.0260748,-0.0756911,-0.0352149,-0.0347329,-0.0167001,-0.0733031,0.021312,-0.0558434,0.0565278,-0.0654981,0.0297818
-0.0638152,0.0143378,-0.0168329,0.0560389,-0.00270303,0.0572485,-0.00558238,-0.0490353,-0.00803294,-0.0372176,0.0930577,-0.0648323,-0.0366869,0.0820229,-0.010065,-0.078315,0.0241906,0.0808873,0.0152039,0.00630231
-1.05901,-0.0307676,-0.410487,-0.727096,-0.464101,0.640735,-0.8625,-0.254329,0.589531,-0.941269,-0.343946,0.0861816,-0.95501,0.572775,-0.110707,0.650539,-0.385029,-0.490554,-0.660419,0.270154
-1.60983,-0.0400936,0.600038,-0.144985,-0.239455,1.03674,-0.0933486,-0.5196,-0.385665,-1.56327,-0.818198,0.301246,-1.69691,-0.180096,0.0899559,-0.33076,0.290208,0.384165,-1.41283,0.765013
-1.00267,0.522873,-0.166651,-0.406742,-0.0961765,0.642321,-0.132909,-0.384281,-0.614005,-0.854477,-0.92783,-0.264273,-0.728033,-0.692985,-0.252701,-0.105746,0.605959,0.135308,-1.04117,0.595773
-1.68163,1.02563,-0.319839,-0.980992,0.350137,1.19669,-0.560139,-0.181868,0.200688,-1.62758,-0.868325,0.528995,-1.29374,-0.379721,0.124863,0.721487,0.710585,0.620878,-1.31353,1.12152
-1.40797,-0.0657709,-0.15787,-0.256475,-0.0689889,0.966966,0.111325,-0.164407,-0.670401,-1.44842,-1.04964,-0.172371,-1.3584,-0.268175,-0.126681,-0.376446,0.0102957,0.231348,-1.56506,0.826254
-1.73758,-0.376067,-0.326285,-0.746234,-0.641732,1.08176,-0.478051,-0.0494692,0.00407969,-1.86596,-1.15074,-0.382993,-1.69647,0.472256,-0.441567,0.271484,-0.57912,-0.603024,-2.02365,0.950254
-0.809212,-0.089343,-0.310258,-0.632314,-0.376458,0.543455,-0.491421,-0.0444754,-0.0912213,-0.601288,-0.686924,-0.260654,-0.645729,-0.0519933,-0.211884,0.185432,-0.456677,-0.227637,-0.647007,0.325659
-0.874325,-0.174212,-0.53642,-0.713218,-0.682775,0.265029,-0.837934,-0.511826,0.185149,-0.785886,-0.787758,-0.304911,-0.828738,-0.0717444,-0.550974,0.362986,-0.59312,-0.700662,-0.693904,0.0414401
0.0316952,-0.0738586,0.0550814,-0.0418954,0.0219929,0.0723274,-0.0217643,0.0336788,0.0400651,0.046503,0.0498766,0.0554591,0.0613954,0.0710698,0.0877067,0.090272,-0.0451715,-0.0292523,0.0446701,0.0253757
0.0909032,-0.0974293,0.04486,0.0910956,0.0594071,0.0326465,-0.0833454,0.0862252,-0.0405609,0.0613958,0.00779758,0.076106,-0.0636775,0.0342741,-0.0530611,-0.084241,0.017727,0.054797,-0.0621466,0.0209482
-0.349302,0.277087,-0.603887,-0.876666,-0.233496,-0.28227,-1.11439,-0.792663,1.00469,-1.00067,0.333456,0.371659,-0.355646,0.37729,0.0892447,0.933506,-0.248268,-0.410031,-0.141915,-0.175167
0.445587,-0.877237,0.406332,1.00124,-0.566296,-1.81257,0.890822,-1.60922,0.100022,-1.742,0.549058,-0.644538,-1.05915,0.226891,-0.205662,-0.732387,-0.461074,-0.749053,-1.10303,-1.21295
1.21741,0.214554,-1.07829,-0.0923638,0.0596395,-1.34549,0.561023,-0.213379,0.480224,-0.589744,0.288103,-0.729803,0.810137,0.427544,-0.205138,0.827161,-0.522444,-0.567022,-0.547886,-0.12875
1.47038,0.143527,-0.380059,0.269253,0.00594155,-1.70031,0.432545,-0.457547,0.780211,-0.271484,1.14837,-0.343833,1.28905,0.591441,-0.0906228,0.428389,-0.525896,-0.761812,0.553247,-0.751607
0.517677,0.57427,-0.430958,-0.0073597,0.31248,-1.01731,-0.0164628,-0.609226,0.519068,-0.486301,0.683159,0.210534,0.511015,-0.136984,-0.0429929,0.226271,-0.127196,-0.326543,0.558854,-0.396251
-0.214109,0.0904422,1.16265,0.695615,-0.354396,-0.435645,0.515914,-0.996713,-0.194332,-0.757849,0.211136,0.134411,-0.594109,0.0192393,-0.128564,-0.182219,0.893102,-0.232781,-0.464887,0.121219
-0.0592464,0.139782,-0.981063,-0.595041,0.0570831,-0.695949,0.329883,-0.0145708,0.126313,-1.43474,-0.523557,-0.712233,-0.293557,0.380456,-0.410404,0.427703,-1.01091,-0.652798,-1.49101,0.0843636
-0.527426,-0.554835,0.0141329,0.364956,-0.329312,0.134727,0.107543,-0.344836,-0.354005,-0.876101,-0.41821,-0.346158,-0.845077,0.0255395,-0.207989,-0.644992,-0.23924,-0.131748,-1.01406,-0.120468
-0.460236,-0.15013,-0.254667,-0.256384,-0.263509,0.0569176,-0.407441,-0.245493,-0.164517,-0.438368,-0.36747,-0.144595,-0.354338,-0.0594585,-0.218771,0.0351636,-0.180243,-0.282881,-0.346719,0.0441191
-0.0210814,-0.0210984,-0.0687181,0.0630613,0.0219344,-0.0172079,-0.0391495,0.0939311,0.0112097,-0.0465885,-0.0779673,0.023497,0.0535118,-0.061504,0.0812164,-0.0502061,0.0253871,0.0423094,0.0386255,-0.0910737
-0.25051,-0.175358,-0.62138,-1.1186,-0.811389,-1.07808,-1.44139,-1.17327,1.27689,-1.10322,0.663957,0.189554,-0.549528,0.558449,-0.218628,0.997145,-0.796277,-0.73048,0.11342,-0.995511
-0.504259,-1.07043,0.542031,0.173036,-0.369502,0.961812,-0.466005,-0.205702,0.0303052,0.389478,-0.29423,0.147426,-1.16001,-0.383045,-0.0226577,-0.535319,-0.485724,0.845397,0.339218,-0.56037
-0.0541784,-0.254292,-0.100588,0.174867,0.387521,1.16256,-0.0181506,0.645267,-0.248471,0.70296,-0.557449,0.132644,-0.408617,-0.609598,0.111779,-0.148901,0.15416,1.29443,0.591964,0.290408
0.670878,-0.336183,0.663185,0.541454,-0.305794,0.569168,-0.290421,0.445525,-0.365802,1.20172,-0.0446971,0.144208,-0.204609,-0.20103,0.26272,0.094651,0.782655,0.865967,1.12397,0.243583
-0.39149,0.918206,-0.535725,-1.06966,0.702218,0.700981,-1.31067,-0.068102,0.75754,1.29062,0.640406,1.18264,0.319088,-0.484955,0.555434,1.11593,0.714262,1.24602,1.5523,-0.00425821
-0.302704,-0.504167,1.08063,0.819121,-0.337891,0.475393,0.290165,-0.360046,-0.880656,0.552531,-0.280058,-0.0194005,-0.89496,-0.580368,0.0882196,-0.64298,0.881576,0.731246,0.409286,0.159122
-0.112247,-0.140733,-0.994359,-0.85052,-0.211559,-0.218908,0.0175913,0.29527,0.472667,-1.33163,-0.333881,-0.45957,-0.0573597,0.680322,-0.32219,0.738435,-1.33087,-0.864594,-1.21517,0.121843
-0.0610514,-0.485615,0.127821,0.463403,-0.282091,-0.349931,0.555414,-0.380396,-0.477934,-0.626115,-0.0947937,-0.357082,-0.243936,-0.012126,-0.128067,-0.655532,-0.361193,-0.181731,-0.449779,-0.369591
-0.596287,-0.179593,-0.288745,-0.562809,-0.494313,0.0609837,-0.499291,-0.374776,0.154399,-0.573534,-0.458668,-0.166394,-0.606709,0.0028096,-0.334029,0.154126,-0.422586,-0.447827,-0.433649,0.0340575
-0.0520661,-0.0966182,0.0633541,-0.026198,-0.0810202,-0.0428893,0.0680963,0.0998672,-0.0198297,0.0243615,-0.092524,-0.066726,-0.00919364,-0.0571307,0.0639943,0.0565227,0.0749743,0.0598172,-0.0272396,0.0198488
-0.911131,-0.357827,-0.678577,-1.48589,-0.810899,-0.272919,-1.76283,-0.70887,1.34515,-1.09592,0.269075,0.180173,-0.650928,0.704121,-0.293391,1.19766,-1.44101,-1.10068,-0.178925,-0.466596
-0.19156,-0.190066,0.852505,1.06325,0.0431073,0.498819,0.75026,-0.205388,-0.417683,-0.522093,-0.534151,-0.119982,-0.830137,-0.0669044,0.102179,-0.610038,0.475219,0.562535,-0.580056,0.276943
0.85051,0.900495,-1.02137,-0.294516,0.669581,0.32464,0.426932,1.05718,-0.188065,1.02408,0.0095752,0.0435295,1.32359,-0.212804,0.107693,0.925296,0.0664332,0.462078,0.410038,0.593282
0.58922,0.547293,1.04172,1.03782,0.364087,0.111704,1.08361,0.843059,-0.291328,1.0748,0.486397,0.115832,0.931661,0.469977,0.298545,-0.449424,1.10395,-0.17852,0.360585,0.712806
0.188698,0.801163,-0.523644,-0.711369,0.283543,0.640278,-1.04861,-0.0678473,0.783104,0.869948,0.700546,0.954382,0.56699,-0.357821,0.32875,0.986208,0.371795,0.908203,1.4643,0.0667625
-0.317613,-0.298695,1.54474,1.22238,0.0139724,-0.287238,0.685256,-0.612314,-0.983831,0.32402,0.0369606,-0.00279232,-0.7752,-0.581665,0.239445,-1.19761,1.15257,0.542429,0.296989,-0.224883
-0.248696,-0.677043,-1.2373,-1.01977,-0.749744,-0.164186,-0.208281,0.301117,0.550971,-1.57412,-0.433076,-0.637543,-0.613521,1.04787,-0.557397,1.06454,-1.75383,-1.10792,-1.58196,0.159028
-0.0751444,-0.284749,-0.0437698,0.146318,-0.22277,-0.167385,0.137513,-0.327036,-0.197555,-0.357158,-0.095729,-0.246777,-0.382461,-0.124262,0.0027516,-0.547094,-0.150735,-0.0684344,-0.215064,-0.139006
0.0902517,-0.0398661,-0.0535015,-0.077469,-0.0350799,-0.0414656,0.0633981,-0.0483178,0.0318575,0.0222128,-0.0260874,-0.0715196,-0.0708567,-0.039482,0.0578401,0.043858,0.0573611,-0.00572534,-0.0602309,-0.0376724
-0.0639296,0.0460876,0.0747895,0.0452814,0.0938227,-0.0292421,-0.0836298,0.0490753,0.0290506,0.031289,-0.00897396,-0.0634852,-0.0573494,0.0936186,0.0708714,-0.0356474,0.0684371,-0.0969218,0.0643987,-0.0727838
-0.729118,0.208394,-0.827269,-1.28366,-0.411458,0.159483,-1.4475,-0.827892,1.0198,-0.851413,0.15838,0.541617,-0.542168,0.12007,-0.0796644,0.990043,-0.564295,-0.496215,-0.0483293,-0.11447
-0.106528,0.0601677,0.882842,0.792755,0.374376,0.308722,0.581072,-0.121084,-0.438013,-0.426046,-0.413405,0.191741,-0.741236,-0.357192,0.596627,-0.792592,1.09317,0.884935,-0.0806922,0.170536
-0.407817,0.599847,-0.236796,-0.398288,0.560822,0.628537,-0.0219486,0.272108,-0.296033,-0.124321,-0.431695,0.377621,-0.283656,-0.425445,0.172509,0.211325,0.579212,0.70686,-0.15323,0.568623
-0.283607,0.999466,0.420816,0.482676,0.930223,0.652573,0.603988,0.614788,-0.625997,0.301349,-0.452391,0.392402,0.276174,0.0110267,0.75614,-0.249596,1.28606,0.822965,-0.117146,0.903226
-1.03744,1.23683,-0.874068,-1.34874,0.831871,0.186539,-0.864979,-0.25175,0.182287,-0.732426,-0.113577,0.690619,-0.0121235,-0.379762,0.324572,0.947015,0.20184,0.525635,-0.453904,0.258092
0.0717264,0.489533,-0.385622,-0.207735,0.270537,-0.224191,0.325849,0.221862,-0.00312892,-0.547058,-0.27528,-0.311452,0.204796,0.0693101,-0.07346,0.270526,-0.0129893,-0.139446,-0.535492,0.209242
0.0576342,-0.201848,-0.466963,-0.317477,-0.311391,-0.436934,-0.136591,-0.202634,0.55988,-0.756204,-0.0454797,-0.236072,-0.239275,0.612035,-0.202077,0.559567,-0.504242,-0.608403,-0.575523,-0.152019
-0.256123,-0.755393,-0.0241011,0.471995,-0.372892,-0.392586,0.256895,-0.679998,-0.279382,-0.882743,-0.175869,-0.383004,-0.710864,-0.0833169,-0.122274,-0.852795,-0.702355,-0.312306,-0.604802,-0.412542
-0.00271709,-0.0294333,-0.0592428,0.0906476,0.0789057,-0.00134856,0.0985704,-0.0444287,-0.0365608,0.0415153,-0.0905133,-0.0255784,-0.0513181,-0.0719511,-0.0273863,-0.0485606,0.0478073,0.00795289,0.0222302,-0.0385733
-0.0390889,-0.0088407,0.0113216,-0.0661646,-0.0907357,0.0894609,-0.0662467,0.0385898,-0.055787,-0.0958689,0.0778767,-0.0681993,0.0383811,-0.0297439,0.0152187,0.0853456,0.0650772,-0.0502714,0.0388061,-0.0636481
0.0462497,-0.784978,-0.389908,-0.935369,-0.629015,0.124124,-1.27647,-0.0556361,1.1508,0.649005,0.792747,0.402359,-0.332271,0.267639,-0.261469,0.693119,-1.41601,0.0430089,1.17757,-0.977485
-0.0916949,-1.11927,0.46612,0.846227,-0.359103,-1.08123,0.348803,-1.34111,-0.284236,-0.612625,0.10729,-0.312269,-1.03361,-0.323365,-0.00445371,-1.34311,-0.982214,-0.0654429,0.477641,-1.27119
0.647453,0.413053,-0.106117,0.0447149,0.463641,-0.979718,0.694195,0.236991,-0.133797,0.16401,0.277416,-0.249113,1.01977,0.0133528,0.00173558,-0.378646,-0.439581,-0.712394,0.148727,-0.545628
0.440023,0.247105,0.170881,0.00781906,0.594158,-1.28795,0.397183,-0.0832385,0.196578,0.177632,0.639436,0.0141292,1.0295,-0.022928,0.116414,-0.32929,-0.639477,-0.754217,0.522326,-0.737587
0.35182,-0.0277876,0.545488,-0.34862,0.320213,-0.303843,0.297352,0.457197,-0.0933364,1.06029,0.48458,-0.0392026,0.895687,-0.368205,-0.170209,-0.465388,-0.591502,-0.270862,0.953021,-0.426406
0.246324,-0.1819,-0.244148,-0.126559,0.319437,-0.675919,0.519918,0.423756,-0.118858,-0.20345,-0.0491144,-0.475743,0.404042,-0.00679836,-0.399797,-0.230475,-0.700323,-0.547457,-0.163576,-0.275876
0.297036,-0.294927,-0.925097,-0.38454,-0.142715,-0.717214,0.17692,0.157676,0.338831,-0.548023,-0.019081,-0.392066,0.307905,0.460063,-0.285668,0.491553,-1.20975,-0.923527,-0.58422,-0.304384
0.0498517,-0.197853,-0.00927436,0.150068,-0.0647429,-0.242072,0.0966576,-0.191877,-0.0215813,-0.304779,0.0273657,-0.202908,-0.154507,-0.0934161,0.0254568,-0.327816,-0.209274,-0.137451,-0.208712,-0.224645
-0.0170968,0.00823607,0.0705299,0.0781664,-0.0862006,0.0990046,0.0518352,-0.0977013,0.0358712,0.0438612,0.0252131,-0.0753011,-0.000498936,0.0116398,-0.0305444,0.0692132,-0.0409914,-0.0814421,0.0715454,-0.0936264
0.0406838,-0.0301027,-0.0284749,-0.01779,0.0970458,-0.0247259,0.0816814,-0.0857457,0.0334678,0.0395522,-0.0582835,0.0798096,-0.0605804,-0.06041,0.097517,0.0486667,0.0472739,-0.0137669,-0.0211649,-0.0174363
-1.17653,-1.2279,-0.880976,-1.15826,-1.30663,0.515241,-1.4258,-0.143025,1.45624,-1.75292,-0.218779,-0.258439,-1.66923,1.47426,-0.571054,1.22261,-1.85654,-1.22004,-1.27561,0.0226234
-1.12363,-1.44324,-0.178534,-0.210996,-0.883493,1.00532,-0.802208,-0.375038,0.370465,-0.560169,-0.468548,0.112792,-1.67166,0.235684,-0.415428,-0.489735,-1.21333,-0.0774271,-0.27821,-0.676936
-1.02183,-1.48299,-0.199691,-0.660726,-0.804752,1.21197,-1.29711,-0.0819676,0.529535,0.345254,-0.118815,0.22207,-1.13998,0.147915,-0.28207,-0.26609,-1.51549,0.352337,0.65037,-0.770393
-1.18598,-1.48973,-0.594025,-1.00065,-0.989721,1.11177,-1.42734,0.0253568,0.445816,-0.0429439,-0.408857,-0.00824816,-1.52186,0.291476,-0.43597,-0.0634651,-1.80257,0.105479,0.278023,-0.507338
-1.00364,-1.5355,-0.5144,-1.08857,-0.98778,1.35123,-1.54908,0.164974,0.924489,0.424653,-0.203501,0.0902226,-1.36588,0.389361,-0.397322,0.321722,-1.76402,0.237829,0.710377,-0.785467
-0.450561,-0.649125,-0.0438662,0.0177623,-0.472623,0.380825,-0.229384,-0.25165,0.0790938,-0.548252,-0.322061,-0.136546,-0.706784,0.126783,-0.116893,-0.247975,-0.325111,-0.075434,-0.31795,-0.0534465
-1.2012,-1.03432,-0.0644752,-0.246755,-0.910337,0.521325,-0.394184,-0.441888,0.0731755,-1.20347,-0.40649,-0.278416,-1.63798,0.40845,-0.255505,-0.404717,-0.963939,-0.25051,-1.02266,-0.0173102
0.0470077,-0.0422808,-0.0979352,0.0556517,0.0354354,-0.0685786,0.00899442,0.0644455,-0.0589605,-0.0456515,-0.0543853,0.0761591,0.0888034,0.0847571,0.0367152,-0.0546636,-0.0438481,0.0772192,-0.0537347,-0.0764589
-0.650612,-0.249648,-0.454005,-0.649615,-0.560207,-0.0308468,-0.829074,-0.321989,0.333808,-0.666014,-0.188028,-0.167708,-0.500837,0.277594,-0.337623,0.523311,-0.682987,-0.708396,-0.435471,-0.0621596
-0.0813587,0.0353521,-0.0389511,-0.0565529,-0.0379143,0.097302,-0.00904672,0.0559199,-0.0821396,0.0770698,0.00359466,0.0527155,-0.0387418,0.0763266,0.032368,0.0902193,-0.0754155,0.0438045,-0.0896678,0.0183948
-0.242249,-0.187329,-0.352359,-0.414992,-0.533146,-0.57255,-0.484858,-0.39323,0.596735,-0.808877,0.0502795,-0.169353,-0.578005,0.535561,-0.231185,0.481653,-0.687004,-0.617906,-0.438698,-0.265238
0.3958,-0.658259,-0.599054,-0.298496,-0.744936,-1.73334,-0.356686,-0.888212,1.05665,-1.20068,0.66168,-0.602212,-0.244471,1.02389,-0.457047,0.763187,-1.11779,-1.13567,-0.69191,-0.917281
0.497858,-0.508218,-0.0818055,0.488942,-0.285662,-1.16318,0.259686,-0.780406,0.065642,-0.850675,0.320084,-0.33606,-0.39533,0.252001,-0.0805412,-0.389992,-0.346718,-0.473332,-0.312143,-0.563921
0.752774,-0.543072,-0.200988,0.549914,-0.357997,-1.37524,0.47985,-0.841789,0.203024,-0.876543,0.499762,-0.46134,-0.166817,0.328403,-0.0837956,-0.307491,-0.414354,-0.653888,-0.272836,-0.786689
-0.0866449,-0.0839133,0.0856922,-0.091643,-2.32905e-05,-0.0195939,0.0903716,0.0589783,-0.00929967,0.0423186,-0.0842669,0.00444691,0.00903531,-0.0415404,0.0462325,0.084037,-0.0402847,0.00345498,0.0783967,0.0848768
0.806833,-0.561774,-0.218463,0.566224,-0.457715,-1.50242,0.466777,-0.871759,0.145104,-0.760539,0.446124,-0.626195,-0.375271,0.341871,-0.167671,-0.363105,-0.48821,-0.735142,-0.47712,-0.822264
0.54597,-0.238507,-0.103775,0.105655,-0.117891,-0.778219,0.182206,-0.327984,0.34845,-0.354318,0.287922,-0.321855,0.16301,0.326814,-0.0938233,0.108942,-0.411784,-0.506165,-0.223281,-0.3116
0.159553,-0.371083,0.0403252,0.427253,-0.161904,-0.407698,0.178048,-0.280586,-0.0599284,-0.498218,-0.0538781,-0.187319,-0.328166,0.0157382,0.0139397,-0.343503,-0.333766,-0.24966,-0.347967,-0.397736
-0.576662,-0.123106,-0.385047,-0.536056,-0.457792,-0.00159687,-0.602097,-0.38326,0.118696,-0.444533,-0.336484,-0.259187,-0.473755,0.0435639,-0.320732,0.230225,-0.429369,-0.520066,-0.34657,-0.0653085
-0.0607125,-0.0301995,-0.0339812,0.0178417,-0.0747898,-0.0878727,-0.0805881,-0.0675724,0.0386955,0.0718192,-0.0574267,0.0176528,-0.0758892,-0.0432119,0.00945816,0.018483,-0.0155704,-0.0730602,0.0866492,0.0363203
-0.434829,0.0220959,-0.150547,-0.370785,-0.225015,0.223949,-0.354355,-0.134869,-0.0924212,-0.353914,-0.525395,-0.196779,-0.311616,-0.215166,-0.195903,0.0298646,-0.217299,-0.336395,-0.319316,0.152546
-0.024552,-0.0216145,0.0986503,-0.042073,0.0364313,0.00148052,-0.0422103,-0.084826,0.0662586,-0.0883054,0.005656,-0.0495936,0.0837579,1.43275e-05,-0.0888228,-0.0879774,-0.090992,0.0905966,0.010044,0.00966046
-0.298006,-0.0844864,-0.143086,-0.249038,-0.350937,0.0914493,-0.280346,-0.361275,-0.196976,-0.207777,-0.284771,-0.261582,-0.32484,-0.240233,-0.167375,0.0545988,-0.240205,-0.22864,-0.20139,-0.0783667
-1.08522,-0.276338,-0.343764,-0.600054,-0.669203,0.440691,-0.712042,-0.410958,0.11939,-0.795535,-0.631755,-0.285577,-0.953434,0.0677334,-0.368758,0.31624,-0.633827,-0.600215,-0.874285,0.0115273
0.0325387,0.0265902,-0.0725245,0.0698437,-0.0815176,0.00245716,-0.0405332,-0.0111983,-0.0373909,0.0684965,-0.0717498,-0.0963164,-0.0718966,-0.0477698,-0.084998,0.0242042,0.015147,-0.0194571,-0.0581318,-0.0770155
-0.388179,0.0130944,-0.217667,-0.322446,-0.313849,0.111595,-0.358745,-0.203469,-0.135439,-0.258702,-0.396926,-0.260066,-0.273611,-0.230197,-0.323995,0.141473,-0.178797,-0.313095,-0.410004,-0.0315808
-0.174338,0.0238433,-0.0825156,-0.079351,-0.102409,-0.107203,-0.150029,-0.114415,-0.0963557,-0.161702,-0.162659,-0.0591597,-0.115309,-0.146917,-0.0449186,-0.0608165,-0.109569,-0.0783478,-0.118088,-0.00695299
-0.283552,-0.0769988,-0.153507,-0.284504,-0.134638,0.0239484,-0.295115,-0.131112,-0.043708,-0.11746,-0.240696,-0.0545199,-0.178871,0.0745151,-0.20262,0.0522523,-0.141561,-0.271163,-0.128966,0.055498
-0.284131,-0.0229995,-0.130173,-0.110745,-0.178394,-0.0118492,-0.232708,-0.0549187,-0.0126464,-0.136186,-0.279255,-0.0517365,-0.176208,-0.0953983,-0.0865684,0.118907,-0.124717,-0.114026,-0.135051,0.0225324
0.218567,0.101627,-0.270487,-0.146859,-0.12796,0.792247,0.268647,0.365362,-0.502646,0.540079,-0.299854,-0.496823,0.28108,-0.535336,-0.648088,0.0492167,0.21002,0.0544229,0.137847,0.212499
weights:second
-0.408043,-0.428258,-0.325048,-0.458671,-0.378856,-0.49009,-0.418904,-0.315607,-0.375046,-0.452005,-0.372199,-1.1714,-1.51033,-1.51824,-1.63924,-1.60746,-1.342,-0.988157,-0.753433,-0.617378,-0.399217,-0.619886,-0.00184124,1.33182,1.42319,0.918807,0.497599,0.247392,-0.163754,-0.567848,-0.320614,-0.820773,-0.277684,0.647296,0.267384,-0.125805,-0.217482,0.177893,-0.206226,-0.43044,-0.430589,-0.772,-0.0350812,0.806913,0.876162,0.0797752,-0.189234,0.175899,-0.15844,-0.541472,-0.397788,-0.812927,-0.639001,-0.221482,-0.702348,-0.671749,-0.494,0.140127,-0.0939844,-0.593343,-0.351173,-0.473573,0.098051,0.489975,0.355209,0.160968,0.276543,0.0889926,-0.15366,-0.45859,-0.315362,-0.68383,-0.642385,-0.803754,-0.772021,-0.823529,-0.751566,-0.481461,-0.136537,-0.574232,-0.385016,-0.206277,0.365747,0.27825,0.361199,0.255311,0.269578,0.331292,-0.109817,-0.540573,-0.50847,-0.522359,-0.590885,-0.57,-0.474302,-0.412447,-0.60751,-0.417419,-0.51265,-0.508798
-0.46553,-0.468903,-0.477177,-0.390773,-0.416565,-0.440304,-0.488389,-0.313556,-0.366823,-0.446927,-0.301348,0.102842,0.0540008,0.53385,0.509773,0.485988,-0.0597058,-0.228337,-0.229788,-0.212052,-0.337354,0.205421,-0.414719,0.308616,0.137896,0.570623,-0.243315,-0.25472,-0.508951,-0.304873,-0.389222,-0.213293,-1.31152,-0.161977,-1.04315,0.22288,-0.366435,-0.165412,-0.373205,-0.16835,-0.359607,-0.315072,-0.602345,0.966007,0.270324,0.602484,-0.368778,-0.255926,-0.473483,-0.126028,-0.375012,-0.321041,-0.103544,1.14981,1.05656,0.821108,-0.0631999,-0.21968,-0.456852,-0.24213,-0.458187,-0.731753,-0.518111,0.378598,0.25048,-0.190456,-0.300635,-0.556379,-0.507336,-0.180892,-0.430142,-0.953388,-1.53038,-1.41604,-1.49199,-1.45737,-0.991711,-0.930948,-0.450463,-0.277311,-0.375334,-0.34384,-0.450021,-0.540264,-0.509495,-0.586013,-0.550941,-0.486302,-0.378686,-0.128916,-0.443924,-0.30576,-0.25121,-0.207472,-0.169976,-0.178931,-0.307669,-0.203736,-0.284387,-0.278262
-0.470444,-0.450286,-0.345357,-0.466912,-0.40642,-0.37582,-0.445501,-0.443448,-0.402283,-0.304728,-0.415169,-0.671222,0.0907394,-0.337309,-0.261643,-0.245523,0.00538266,-0.509522,-0.227713,-0.315483,-0.357512,-0.672675,0.583108,-0.977928,-0.260212,-0.635647,0.633513,-0.762357,-0.0538721,-0.285981,-0.320608,-0.506799,1.02168,-1.14766,0.486117,-1.00037,1.09336,-0.798763,-0.0621879,-0.432173,-0.413093,-0.571298,1.08981,-1.4008,0.425898,-0.586098,1.30147,-0.853002,0.0283455,-0.362085,-0.441022,-0.659614,0.621839,-0.582826,0.110601,-0.295407,0.684098,-0.843042,-0.12373,-0.257917,-0.325449,-0.351892,0.305159,-0.297754,0.0636662,-0.0975529,0.156774,-0.669386,0.0493351,-0.410132,-0.416231,-0.46518,0.141202,0.0382627,-0.0533965,-0.0614494,-0.0522502,-0.290695,-0.0341602,-0.293919,-0.45308,-0.585233,-0.378495,-0.358869,-0.35184,-0.377267,-0.301147,-0.341985,-0.153229,-0.325434,-0.329067,-0.278548,-0.259324,-0.294988,-0.37737,-0.322027,-0.339865,-0.34631,-0.351649,-0.405478
-0.476208,-0.360256,-0.44121,-0.32288,-0.328994,-0.449907,-0.443311,-0.422962,-0.42539,-0.464394,-0.371465,-0.939671,-0.589549,-0.722278,-0.755825,-0.772578,-0.391489,-0.547499,-0.347096,-0.448038,-0.349589,-1.09759,0.829908,0.113736,0.553092,-0.0307078,0.738325,-0.147235,0.146531,-0.402305,-0.441412,-1.37474,0.941165,-0.562559,0.284214,-0.937383,0.717454,-0.548196,0.236023,-0.442248,-0.458475,-1.39088,1.38463,-0.42755,0.599269,-1.07676,0.738579,-0.625278,0.0977672,-0.373274,-0.313842,-1.30372,0.904175,-0.696799,-0.169938,-1.12673,0.368324,-0.613822,0.140906,-0.524903,-0.321091,-1.05418,0.775909,-0.176081,-0.130865,-0.516345,0.173188,-0.417524,0.0960681,-0.400789,-0.490504,-0.7328,0.122411,-0.360746,-0.415705,-0.402925,-0.222656,-0.228713,0.126996,-0.362741,-0.444111,-0.533871,0.136498,0.153205,0.0932949,0.121522,0.0457967,0.10443,0.0262003,-0.53987,-0.332121,-0.499985,-0.347024,-0.397494,-0.465626,-0.388592,-0.497774,-0.529002,-0.41721,-0.496585
-0.410571,-0.369269,-0.486453,-0.44054,-0.483421,-0.474637,-0.424689,-0.465745,-0.362992,-0.414075,-0.455935,-0.435674,-0.36836,-0.118709,-0.113854,0.0158956,-0.255939,-0.371573,-0.456967,-0.33186,-0.474725,-0.461998,-0.247262,0.375658,-0.0657282,0.134267,-0.126973,-0.110862,-0.245569,-0.322876,-0.3665,-0.650462,-0.290611,0.364137,-0.511321,0.134713,-0.436702,-0.162806,-0.339104,-0.449862,-0.446027,-0.630593,0.0738772,0.618816,-0.10483,0.235771,-0.307691,-0.163101,-0.352646,-0.320013,-0.470352,-0.509663,0.392617,0.824437,0.78465,0.661477,0.240452,-0.176207,-0.288877,-0.482469,-0.505354,-0.81667,0.0464481,0.366959,0.538355,0.279105,0.15958,-0.355638,-0.178356,-0.362272,-0.36721,-0.925665,-0.579114,-0.62,-0.734912,-0.691072,-0.451279,-0.777576,-0.370102,-0.39044,-0.325753,-0.679203,-0.524425,-0.513838,-0.508996,-0.438801,-0.50042,-0.452093,-0.322743,-0.494026,-0.341024,-0.484232,-0.396198,-0.332969,-0.346102,-0.381881,-0.436149,-0.382229,-0.423638,-0.397648
-0.427408,-0.468614,-0.381668,-0.494406,-0.38665,-0.356052,-0.385849,-0.454476,-0.470383,-0.498095,-0.515349,0.909868,1.42827,1.4872,1.45074,1.50285,1.24249,1.12318,0.428815,-0.149475,-0.520121,-0.428967,-1.14264,-2.02212,-2.17696,-1.90056,-1.54973,-0.787096,-0.194538,-0.156226,-0.433186,0.26744,0.694416,0.509138,0.764197,0.315085,-0.0388988,-0.499738,-0.17608,-0.00282754,-0.462776,0.194366,0.11769,-0.354665,-0.559668,0.129564,-0.242638,-0.53422,-0.140184,-0.0430223,-0.427479,0.204002,0.293506,0.199534,0.352249,0.587851,0.00321327,-0.534741,-0.176409,-0.0945617,-0.531537,0.0892363,-0.511818,-1.10254,-1.2825,-0.562312,-0.962522,-0.773321,-0.0897985,-0.0845387,-0.407026,0.363532,1.09895,1.45996,1.38415,1.37085,0.890863,-0.122531,-0.140385,-0.128099,-0.525967,-0.833908,-1.2245,-1.30089,-1.3143,-1.28223,-1.23435,-1.2478,-0.535154,-0.0584672,-0.407298,-0.00341798,-0.140381,-0.0039068,-0.13264,-0.0618165,-0.149114,-0.0295387,-0.0878966,-0.153709
-0.474628,-0.448297,-0.451969,-0.47971,-0.410854,-0.471035,-0.309942,-0.33798,-0.32321,-0.423051,-0.416133,-1.12629,-0.687283,-0.412427,-0.445128,-0.453016,-0.0998075,-0.304606,-0.380691,-0.431636,-0.414608,-1.25405,0.589708,0.726213,0.492931,0.04221,0.919883,0.614961,0.0797845,-0.417966,-0.433389,-1.72973,0.358567,-0.286186,-0.865788,-1.47758,0.233902,0.127277,0.107811,-0.445083,-0.295738,-1.73191,1.02161,0.620707,0.481562,-1.27016,0.376563,0.105522,0.165217,-0.531268,-0.482635,-1.73126,0.563837,0.054338,-0.0649365,-0.990494,0.570078,0.120357,-0.000731497,-0.409805,-0.373434,-1.32022,0.482355,0.484865,0.64053,-0.247778,0.48913,-0.157734,0.161349,-0.4403,-0.409963,-1.08146,-0.549985,-0.859742,-0.723414,-0.760831,-0.251211,-0.382876,0.105027,-0.44115,-0.45221,-0.4511,-0.0239407,0.0209541,0.103077,0.0357287,-0.0165834,-0.0236369,-0.137487,-0.40797,-0.405435,-0.448233,-0.439695,-0.462563,-0.414307,-0.537117,-0.542435,-0.532231,-0.451272,-0.413006
-0.45964,-0.372146,-0.48733,-0.422506,-0.373339,-0.325864,-0.406086,-0.506864,-0.487255,-0.484216,-0.402195,-0.255304,-0.342588,-0.0908027,0.0122798,-0.00413571,0.234826,0.266848,-0.242495,-0.380329,-0.505654,-0.744309,-1.25837,-0.501272,-1.00548,-1.33198,-0.924905,0.025907,-0.268842,-0.409378,-0.403657,-0.424862,-0.507094,0.757682,0.217867,-0.245903,-0.596225,0.335532,-0.466651,-0.399056,-0.473735,-0.549523,-0.44568,0.970437,0.535708,-0.162448,-0.516646,0.467747,-0.290691,-0.308978,-0.476574,-0.460698,-0.660817,0.550163,0.289052,-0.0515974,-0.180143,0.47678,-0.370015,-0.254286,-0.403786,-0.216387,-0.569421,0.165898,0.355814,0.160978,-0.0387406,0.144971,-0.349825,-0.270121,-0.485808,-0.0783098,0.0791775,0.417483,0.318471,0.34432,0.155268,-0.272895,-0.441717,-0.359927,-0.322691,-0.740875,-0.737696,-0.813877,-0.754351,-0.815199,-0.768882,-0.857424,-0.380526,-0.339529,-0.357087,-0.372217,-0.241044,-0.408147,-0.406508,-0.295371,-0.265296,-0.391789,-0.312716,-0.348969
-0.476529,-0.382573,-0.542365,-0.503317,-0.456983,-0.428439,-0.485521,-0.568011,-0.505582,-0.500273,-0.506872,0.537027,0.0414261,0.111824,0.103337,0.108133,-0.112081,0.111849,-0.210271,-0.183819,-0.403752,1.34981,0.251149,0.536576,0.482067,0.595933,-0.0301188,0.648282,-0.373248,-0.225603,-0.448529,1.74316,-0.35654,-0.381519,-0.837834,0.078227,-1.10554,0.534766,-0.365816,-0.225499,-0.555037,1.70033,-0.923509,-0.955806,-1.32023,0.188538,-1.08313,0.454738,-0.405843,-0.140217,-0.568078,1.68056,-0.693506,-0.798185,-1.09711,-0.104769,-0.881195,0.53586,-0.428295,-0.0600049,-0.486852,1.4909,-0.255894,-0.501793,-0.526747,0.171152,-0.555994,0.784098,-0.321342,-0.157867,-0.451109,1.11539,0.247593,0.125118,0.133561,0.136337,-0.0804881,0.719826,-0.440934,-0.232505,-0.433535,0.686694,0.398334,0.475215,0.355852,0.445465,0.343974,0.479424,-0.2722,-0.200168,-0.443564,-0.114739,-0.14846,-0.185301,-0.209349,-0.136197,-0.190015,-0.184101,-0.114823,-0.0960517
-0.356998,-0.440758,-0.385898,-0.422604,-0.350292,-0.37451,-0.414109,-0.487775,-0.410163,-0.467796,-0.442673,-0.908175,-1.27655,-1.47009,-1.47559,-1.56834,-1.26658,-0.868711,-0.508269,-0.504558,-0.474372,-1.30514,-1.38315,-0.860632,-0.481403,-0.846228,-1.14181,-1.29358,-0.423418,-0.354106,-0.355445,-0.482963,0.0406666,1.00987,1.77515,1.26626,0.318306,-1.04831,-0.43214,-0.477996,-0.344543,-0.577092,-0.487572,0.666718,1.348,1.19892,0.332576,-0.958494,-0.447255,-0.495014,-0.348891,-0.5747,-0.764094,-0.364579,0.131495,0.283926,-0.145416,-1.05681,-0.404516,-0.451882,-0.404777,-0.394842,-0.256822,0.331429,0.433246,0.832206,0.321636,-0.819796,-0.423685,-0.464174,-0.505836,-0.389481,0.0565069,0.474241,0.539143,0.514303,-0.283447,-1.09731,-0.398489,-0.457775,-0.408551,-0.871477,-0.879563,-0.883292,-0.816297,-0.794897,-0.883632,-0.86896,-0.344654,-0.45794,-0.45587,-0.440665,-0.50008,-0.467824,-0.50014,-0.427152,-0.463675,-0.347057,-0.372306,-0.397475
-0.480948,-0.468965,-0.484192,-0.321909,-0.41552,-0.353425,-0.400214,-0.349465,-0.362964,-0.319615,-0.332178,-0.454082,-0.674002,-0.918217,-0.931867,-0.85608,-0.974409,-0.877019,-0.603066,-0.476393,-0.406814,0.286909,0.514646,0.588873,0.984218,0.921503,0.276611,-0.0216725,-0.258958,-0.362829,-0.469844,0.422061,-0.297878,-0.599423,-0.342197,0.295936,-0.321276,-0.243218,-0.255143,-0.419015,-0.487713,0.436194,-0.487457,-0.470828,-0.127405,0.639659,-0.0918108,-0.178973,-0.287981,-0.482848,-0.454432,0.415576,-0.503001,-0.792384,-0.795598,0.0701018,-0.538857,-0.168508,-0.293271,-0.494486,-0.428764,0.424226,0.193756,0.110278,0.361253,0.550426,0.0755705,0.238297,-0.226303,-0.408463,-0.505124,0.0999656,-0.0466405,-0.349039,-0.276728,-0.263053,-0.355943,-0.00860846,-0.279944,-0.444035,-0.445494,-0.0391784,0.272229,0.337069,0.23604,0.356581,0.41007,0.334433,-0.292779,-0.438736,-0.443236,-0.528732,-0.420489,-0.500367,-0.467388,-0.477602,-0.421416,-0.498499,-0.474779,-0.428027
-0.438993,-0.464986,-0.476508,-0.467327,-0.519964,-0.444923,-0.310982,-0.324311,-0.399821,-0.302724,-0.401065,0.291088,0.438742,0.324321,0.266686,0.267406,-0.196894,-0.308467,-0.256427,-0.364419,-0.513305,0.310321,-0.0940963,-0.447705,-0.364976,0.158228,-0.36213,-0.599721,-0.327416,-0.225949,-0.420565,0.555429,-0.033084,-0.350248,0.0408872,0.641815,-0.238211,-0.464623,-0.32605,-0.281126,-0.35378,0.608129,-0.308068,-0.598269,-0.566057,0.598045,-0.164154,-0.517339,-0.260505,-0.204733,-0.367775,0.51823,0.226513,0.19534,0.263939,0.849652,-0.30718,-0.535817,-0.336099,-0.206057,-0.358035,0.225031,-0.207257,-0.225716,-0.241278,-0.139835,-0.44599,-0.450744,-0.385682,-0.315949,-0.424956,-0.109509,0.17212,0.186067,0.0484809,0.161577,-0.151877,-0.171454,-0.210635,-0.281572,-0.328872,-0.446775,-0.490552,-0.475236,-0.444936,-0.424789,-0.520412,-0.513229,-0.401706,-0.247735,-0.358979,-0.296346,-0.263608,-0.296058,-0.364229,-0.297146,-0.296918,-0.231902,-0.333976,-0.344208
-0.365682,-0.314656,-0.38758,-0.287061,-0.339435,-0.328975,-0.440616,-0.364018,-0.383015,-0.431205,-0.39527,-0.738268,-1.55475,-1.39678,-1.25763,-1.32379,-1.30482,-0.840951,-0.635107,-0.444226,-0.32027,-0.443633,-0.7266,1.22712,1.05799,0.934428,-0.389113,-0.135959,-0.500631,-0.529111,-0.327188,-0.70301,-1.55712,0.561047,-0.510471,0.376215,-0.700939,0.140009,-0.36849,-0.438082,-0.343388,-0.737785,-0.848727,1.93091,1.33287,0.948855,-0.524349,0.0777799,-0.503675,-0.432406,-0.405544,-0.745174,-1.06766,0.254464,-0.0574375,-0.181352,-0.522774,0.185231,-0.434952,-0.48042,-0.465393,-0.539317,-0.115296,1.12018,1.2775,0.82389,0.607833,-0.0783136,-0.393568,-0.404331,-0.375171,-0.980471,-1.22816,-1.07828,-1.14766,-1.14764,-1.03307,-0.829194,-0.510041,-0.410132,-0.363672,-0.426357,-0.263127,-0.272727,-0.340225,-0.262784,-0.20587,-0.331683,-0.30136,-0.406961,-0.437169,-0.346204,-0.447043,-0.451741,-0.501763,-0.409892,-0.367218,-0.472262,-0.366039,-0.489202
-0.432161,-0.352791,-0.356635,-0.523022,-0.452558,-0.483965,-0.448499,-0.456869,-0.451594,-0.533176,-0.379308,0.111121,0.0709216,0.0267388,0.130972,0.158984,0.292194,0.46823,-0.176534,-0.145371,-0.5159,0.90975,0.363737,0.226947,0.269593,-0.0460284,0.21607,0.997364,-0.273691,-0.239297,-0.511908,0.844481,-0.540491,-0.932311,-0.933998,-0.949478,-0.818328,0.854023,-0.215162,-0.177642,-0.378431,0.862488,-0.363099,-0.676274,-0.750119,-0.936428,-0.775705,0.912438,-0.303504,-0.194105,-0.519716,0.887535,-0.5405,-1.03705,-0.854487,-0.869092,-0.61442,0.824028,-0.150074,-0.234502,-0.440817,0.889095,-0.148911,-0.326945,-0.406343,-0.340938,-0.64123,0.941182,-0.275404,-0.253838,-0.393571,0.867829,0.100577,0.101568,0.0906959,0.131371,0.228614,0.957666,-0.340234,-0.149358,-0.412602,0.47982,0.43074,0.552371,0.491068,0.413957,0.512447,0.47375,-0.299306,-0.226321,-0.417417,-0.242292,-0.236127,-0.16674,-0.263841,-0.208398,-0.139608,-0.189139,-0.127609,-0.146587
-0.371889,-0.484898,-0.351147,-0.4647,-0.333269,-0.336726,-0.393621,-0.44289,-0.44476,-0.354618,-0.461973,-0.0926656,0.0254071,-0.0282199,-0.0668502,-0.0809623,-0.24525,-0.221544,-0.302675,-0.336503,-0.337469,-0.0354656,0.159364,-0.137094,-0.140949,0.0368213,-0.248915,-0.216685,-0.103163,-0.333206,-0.446075,-0.135547,0.0705167,-0.210034,-0.13518,0.248848,-0.026021,-0.289266,-0.208407,-0.410905,-0.454977,0.000322004,0.145837,-0.319186,-0.200356,-0.175073,-0.21407,-0.332593,-0.158277,-0.43402,-0.342697,-0.123632,0.48773,0.108423,0.402074,0.295033,-0.165481,-0.240325,-0.136385,-0.380669,-0.487746,-0.309836,0.158526,-0.0183363,-0.203532,-0.267035,-0.287482,-0.300731,-0.26206,-0.35801,-0.365785,-0.34359,-0.0637305,-0.295401,-0.18349,-0.280688,-0.136124,-0.257925,-0.138094,-0.398818,-0.321969,-0.322615,-0.361071,-0.193189,-0.315784,-0.165849,-0.227989,-0.191282,-0.236486,-0.318708,-0.353937,-0.453902,-0.308185,-0.268118,-0.308367,-0.365365,-0.36453,-0.348913,-0.40216,-0.263689
-0.450425,-0.515174,-0.501242,-0.407903,-0.455778,-0.453597,-0.463146,-0.518937,-0.380037,-0.438225,-0.533316,0.700385,0.322416,0.624147,0.506484,0.511252,0.15143,0.423891,-0.105965,0.00972635,-0.413999,1.44583,-0.458588,0.352082,0.025178,0.373549,-0.361907,0.414907,-0.548063,-0.0258496,-0.506872,1.35823,-1.35503,0.0215211,-0.602103,0.343349,-0.833198,0.813318,-0.596134,-0.0542565,-0.385733,1.34121,-1.68367,0.207449,-1.07383,0.180707,-1.19553,0.778661,-0.634204,-0.00989037,-0.415052,1.29333,-1.31231,0.16964,-0.397231,0.335796,-0.65164,0.803807,-0.672072,-0.12028,-0.50948,1.12991,-1.09755,-0.467827,-0.799131,-0.671951,-0.961531,0.538691,-0.637773,-0.0971243,-0.572224,0.900696,-0.66333,-0.370052,-0.276096,-0.357558,-0.156079,0.379983,-0.545427,-0.0511125,-0.562386,0.628167,0.0814709,-0.00571572,0.0822562,0.0675489,-0.00728884,-0.0475314,-0.524282,-0.0711619,-0.447731,0.0348356,-0.0604336,0.0368738,-0.10122,-0.0708584,-0.0203874,0.00774106,-0.0833092,-0.122126
-0.337308,-0.414773,-0.342191,-0.311116,-0.336448,-0.300634,-0.435159,-0.474874,-0.297317,-0.367949,-0.284327,-0.41672,0.0198525,0.112526,-0.0279881,0.073136,-0.261951,-0.705287,-0.460893,-0.330678,-0.313483,-0.909351,-0.037183,-0.72378,-0.294599,-0.091611,0.179058,-1.19469,-0.308617,-0.401744,-0.448498,-1.27917,-0.0576724,-0.588991,0.597841,-0.0219738,0.842684,-1.1175,-0.354867,-0.438912,-0.399795,-1.22494,0.657879,-0.0497319,1.28935,0.18611,1.06018,-1.03748,-0.32649,-0.332176,-0.44648,-1.25201,0.708757,0.805057,1.66645,0.359136,0.6116,-1.03881,-0.296243,-0.331784,-0.339713,-1.60645,-0.446259,-0.458314,-0.267046,-1.14523,-0.313275,-1.25767,-0.395072,-0.343376,-0.416613,-1.31347,-1.29037,-1.21957,-1.19355,-1.14101,-0.647991,-1.01396,-0.325408,-0.250431,-0.398038,-0.632434,-0.672151,-0.564169,-0.761252,-0.724221,-0.68475,-0.700773,-0.287674,-0.432513,-0.463627,-0.286872,-0.269669,-0.367176,-0.275925,-0.451633,-0.370965,-0.305318,-0.277513,-0.33811
-0.48541,-0.362285,-0.482887,-0.49987,-0.397835,-0.505597,-0.493036,-0.389317,-0.47639,-0.421267,-0.460576,-0.435623,0.0147829,0.146826,0.214501,0.193425,-0.105913,-0.353602,-0.160864,-0.464681,-0.382221,-0.95238,-0.210401,-0.649768,-0.894182,-0.57635,-0.5572,-0.854414,-0.172862,-0.477619,-0.423521,-0.528805,0.988735,1.00735,1.04204,1.0837,0.439309,-0.831659,-0.207363,-0.34423,-0.363083,-0.461556,0.491361,-0.21577,-0.411849,0.284565,0.00556213,-0.810198,-0.206538,-0.42973,-0.348791,-0.38092,0.744712,0.750824,0.828025,0.957205,0.375505,-0.863574,-0.129241,-0.400895,-0.483851,-0.726497,-0.00890524,-0.660681,-1.01329,-0.50185,-0.344033,-1.07131,-0.0787419,-0.485246,-0.330386,-0.687982,0.361947,0.373149,0.503619,0.453292,0.00777238,-0.639927,-0.113079,-0.479697,-0.372336,-0.978219,-0.733481,-0.820154,-0.757391,-0.814613,-0.748976,-0.810995,-0.360703,-0.488406,-0.368518,-0.386233,-0.429484,-0.499003,-0.386516,-0.403627,-0.417569,-0.443004,-0.3776,-0.494885
-0.426722,-0.350354,-0.476821,-0.309223,-0.344748,-0.406415,-0.283255,-0.305932,-0.350271,-0.321187,-0.304201,-0.503297,-1.19446,-1.68241,-1.66552,-1.66299,-1.67761,-1.20114,-0.645024,-0.436449,-0.3232,-0.401031,-0.587096,-0.335748,0.267133,0.458588,-0.577738,-1.02982,-0.357224,-0.328091,-0.339101,0.432034,0.180953,0.785062,1.34298,1.67502,0.112783,-1.05819,-0.29846,-0.480591,-0.439346,0.52,-0.625677,-0.378335,0.200345,1.34053,0.102871,-1.05703,-0.346183,-0.419073,-0.331519,0.444409,-0.392913,-0.695835,-0.58235,0.180501,-0.502206,-1.11521,-0.362417,-0.331835,-0.344086,0.377766,0.147079,0.28,0.294018,1.15465,0.35539,-0.638459,-0.446712,-0.34969,-0.334204,-0.0934647,0.365825,0.556396,0.552637,0.570022,-0.301569,-0.809795,-0.391953,-0.40468,-0.446127,-0.646884,-0.521451,-0.414395,-0.483157,-0.477609,-0.490512,-0.37865,-0.147663,-0.481349,-0.464997,-0.400487,-0.480386,-0.332195,-0.416546,-0.408501,-0.396285,-0.504371,-0.510855,-0.366427
-0.370878,-0.378917,-0.408097,-0.428502,-0.551139,-0.424793,-0.321325,-0.382606,-0.515031,-0.491498,-0.425262,0.294577,0.816326,1.15308,1.24534,1.1779,0.989323,0.690082,0.106043,-0.110964,-0.397064,-0.0850465,-0.592169,-0.653568,-0.982063,-0.709735,-0.532337,-0.0838171,-0.343106,-0.190241,-0.47174,-0.459182,-0.61202,-0.116058,-0.364205,-0.583136,-0.0144473,0.0906908,-0.279656,-0.205978,-0.434417,-0.434856,-0.121731,0.397787,0.12248,-0.532735,-0.0935747,0.0470369,-0.348139,-0.155681,-0.504562,-0.556274,-0.0298655,0.583963,0.791488,-0.0331608,0.217308,0.114169,-0.183375,-0.221656,-0.456483,-0.674518,-0.712759,-0.630927,-0.604336,-0.989298,-0.648125,-0.272536,-0.368686,-0.166511,-0.434685,-0.556594,-0.578381,-0.375404,-0.271297,-0.254086,-0.0265786,-0.15781,-0.218824,-0.149675,-0.386178,-0.374604,-0.80003,-0.749879,-0.766589,-0.707758,-0.838131,-0.718774,-0.371719,-0.103427,-0.431748,-0.0554701,-0.178332,-0.147625,-0.0796859,-0.0708525,-0.042255,-0.205801,-0.115499,-0.122499
-0.731537,-0.855003,-0.725611,-0.763293,-0.885139,-0.871156,-0.885131,-0.802405,-0.871243,-0.759174,-0.858087,0.0502377,0.576763,0.716683,0.741991,0.686657,0.964904,0.682853,0.0328282,-0.249563,-0.875498,0.759838,0.824677,0.1179,-0.254663,-0.122473,0.370317,0.846886,-0.0930182,-0.301682,-0.811355,0.762769,0.329108,-0.948569,-1.41474,-1.2451,-0.741221,0.498052,-0.108178,-0.273005,-0.845876,0.82497,-0.0944869,-1.32381,-2.21505,-1.58813,-0.677135,0.568627,-0.0282098,-0.398092,-0.750254,0.919506,-0.0212334,-0.977504,-1.22649,-0.853285,-0.297532,0.523161,-0.098924,-0.309344,-0.743372,0.868324,0.131614,-0.755816,-0.785708,-0.494656,-0.596077,0.323631,-0.119673,-0.368521,-0.779678,0.931987,0.728681,0.326419,0.293065,0.301264,0.16974,0.801042,-0.0878914,-0.30678,-0.858759,0.322834,0.225102,0.130617,0.240496,0.172945,0.262535,0.196484,-0.520598,-0.231819,-0.886697,-0.391037,-0.352239,-0.405648,-0.238914,-0.417357,-0.276053,-0.311296,-0.393996,-0.295245