metadata:100:20:1
weights:first
0.0864,0.0099742,0.00689956,0.0865567,-0.0621957,0.00697116,0.0203628,0.0242158,-0.0531036,0.0379497,-0.0435757,-0.0350608,-0.0351228,0.0689133,0.0702856,0.0253595,0.0616095,0.0323221,0.0121689,-0.0806508
0.0816216,-0.0408934,0.0693283,-0.0818247,0.053521,-0.0227343,0.0671296,-0.0373906,0.0776785,-0.0440768,0.0446776,-0.0558111,0.0478746,-0.0422527,0.0373003,-0.0353454,-0.0202522,0.0663572,0.0940533,0.0691991
-0.0447264,0.0791273,0.0266631,0.0240232,-0.00382508,0.0155394,0.0998969,-0.0351133,-0.0862617,-0.0602495,0.0362725,0.0881868,0.0908995,0.0469272,-0.0118145,-0.0134798,0.0932383,0.0320746,0.0348968,-0.0294246
0.0199575,0.105466,-0.0404494,0.0184284,0.00294321,0.100788,-0.119281,-0.0786945,-0.124392,0.0297245,-0.053025,-0.0335085,0.0455428,-0.113739,-0.0942003,0.0447924,-0.0246939,-0.053277,0.126576,0.0810518
0.0252532,0.0176741,-0.102202,0.0710646,-0.108605,0.103412,0.0266941,0.0227626,-0.123855,0.014632,-0.0213461,0.0138095,-0.0131266,-0.104806,0.00550019,-0.0706625,0.075445,0.152902,0.171978,-0.00630648
0.078334,0.108937,-0.0589428,0.125276,-0.0572582,0.147502,-0.145832,-0.0199442,-0.0379885,0.16764,-0.0512938,0.0482183,-0.097097,-0.13718,-0.0682047,-0.0444848,0.125798,0.0700149,0.331665,0.032401
0.032294,0.109414,-0.116643,0.0498131,-0.114785,0.0534305,-0.00773645,-0.0614164,-0.155036,0.0848087,-0.162356,0.111602,-0.123276,-0.147955,-0.0904921,0.0915868,0.0681768,0.13894,0.0783368,0.11477
0.0861194,0.0894032,0.0570722,0.109994,0.0388034,0.109212,-0.0569836,-0.0596276,-0.0905017,-0.0579735,-0.00269639,-0.0088659,-0.0167337,-0.0194613,-0.0310011,0.0189986,0.0505544,0.064608,0.0577685,-0.0767464
0.0905386,-0.0641194,0.0768208,-0.0247681,0.0617217,-0.0856044,-0.0943833,0.0686777,-0.0181486,0.0903049,-0.0162483,-0.0295659,0.0788939,0.0194461,0.0280239,-0.0278597,0.0917394,-0.00187348,0.0390247,0.0266562
-0.0328345,0.0633647,-0.0259842,0.0311253,-0.0153975,0.0645363,0.0738798,-0.0211556,-0.0394068,0.0808203,0.0896702,-0.0531088,-0.0485377,0.0776758,0.0229128,-0.0612395,-0.0370385,0.084729,-0.0673771,0.052328
-0.0976619,-0.0139175,-0.00193367,0.0359287,-0.0617741,-0.0131566,-0.0343545,-0.0498338,-0.0690383,-0.0324392,-0.00510212,0.0644991,-0.0165957,0.0969367,-0.0095137,0.0626114,-0.0276618,0.0239054,-0.00927407,-0.0579196
-0.00156011,-0.0825697,0.146747,-0.0649753,-0.0214016,-0.225131,-0.0251153,-0.0326144,0.0604513,-0.0626044,0.0515199,0.0078479,0.148051,0.200344,-0.0721934,-0.101916,-0.123059,-0.108374,-0.304654,-0.139122
-0.091969,-0.0940507,0.0354973,-0.105518,0.0784526,-0.106094,0.0860412,-0.0471307,-0.000759278,0.0264913,0.00582677,-0.00287152,0.128217,0.087608,0.0673376,0.0344951,-0.146833,-0.0481929,-0.0252415,-0.101781
-0.078278,0.0851345,-0.0801204,-0.0109101,-0.0840499,0.0153627,-0.0163855,-0.00685232,-0.0365314,0.0508128,-0.01844,-0.0908791,-0.0357156,-0.037748,-0.0897021,-0.049573,0.0501125,0.0663152,0.120305,-0.00575691
0.0476014,0.0713636,-0.11737,0.0277635,0.0205621,0.0296307,-0.068038,-0.0719746,-0.028056,-0.027271,-0.0599533,0.0873895,-0.103076,-0.176946,0.0424404,0.0388516,0.108851,-0.00579477,0.296856,0.0631927
0.0370823,0.023342,0.0500276,-0.0323521,-0.0384594,0.148695,0.00892963,0.00567149,-0.0219747,0.0521193,-0.00977023,-0.02866,0.0287755,-0.157637,-0.0540051,0.0653307,0.0377011,0.0508254,0.0499661,0.0873766
-0.0231369,-0.106359,0.0518849,-0.0747633,0.0417043,-0.0511115,-0.0446948,0.00626408,-0.0390277,0.0732833,-0.0386796,-0.082152,-0.0390238,-0.0765297,-0.0751726,-0.0065127,-0.115393,-0.0721694,-0.00548442,0.0523324
0.020479,-0.0849655,0.0350089,-0.0877353,0.0440443,-0.0445104,0.0951264,0.00383344,0.0685145,-0.121227,-0.0268141,0.00601027,0.145543,0.0278036,0.0959861,-0.0648531,-0.132364,-0.106136,-0.224909,0.0181642
0.0248294,-0.138363,0.0353346,-0.0569221,-0.0242846,-0.11849,0.00674926,-0.091899,0.103262,-0.155302,0.157683,0.0150098,0.18087,0.21975,-0.0451019,-0.141787,-0.172612,-0.175861,-0.188138,-0.130786
-0.0894297,0.0315706,0.0761829,-0.0876065,-0.00222173,-0.0170816,-0.0520179,-0.0831804,0.00825772,-0.0781643,0.0973453,-0.0942389,0.0221029,0.194228,0.0040228,-0.0851102,-0.103873,-0.00915487,-0.211101,0.0172766
0.0749401,-0.0384414,-0.0274317,0.0322381,-0.0367724,-0.0694961,-0.0621725,-0.0873377,0.0251314,-0.0553674,-0.0716384,0.0227027,0.0585575,-0.0470615,-0.0223227,-0.0350966,-0.0522776,0.0530725,-0.0219866,0.00240578
0.0456914,-0.0329904,0.0573385,-0.0899649,-0.0422679,-0.0618122,0.124627,0.0627459,0.149593,-0.067371,0.00455929,-0.000940553,0.0900118,0.0394382,-0.00577103,-0.0815706,-0.014234,-0.0183655,-0.161062,0.0159474
-0.0895826,-0.0837819,0.166916,-0.100459,0.134443,-0.0920223,-0.0292914,-0.043082,0.128067,-0.15487,0.0828603,-0.0148472,-0.00700295,0.0704402,0.00760749,-0.122685,-0.0635425,-0.0378126,-0.13942,-0.0235396
-0.0189767,-0.0355013,0.161608,-0.144738,0.0993739,-0.104561,0.0697915,-0.0309598,-0.0164481,-0.0981727,0.0620838,-0.0971416,0.0703058,0.164238,-0.0111657,-0.0845202,-0.0804738,-0.0927063,-0.171131,-0.102616
-0.00800879,-0.163228,0.0310124,-0.136688,0.0883304,-0.216748,0.0626612,0.0238931,0.0304954,-0.0538332,0.0442352,-0.0296991,0.187123,0.156339,0.0862943,-0.113507,-0.0677485,0.00647973,-0.252807,-0.0595921
0.0195843,-0.155344,0.121917,-0.0615647,-0.00969871,-0.00623736,-0.0273927,-0.0234394,0.00245933,-0.0332392,0.154564,-0.0390032,-0.00795661,0.0847838,-0.0348113,-0.121575,-0.0366059,-0.102822,-0.184206,-0.141389
-0.0731634,-0.0334842,0.047845,-0.0165399,0.0566412,-0.0969578,0.0595828,0.0174224,0.0127867,-0.0132269,0.0621163,-0.106485,0.152453,0.159532,-0.0191706,-0.0196303,-0.0279252,-0.140406,-0.00828769,0.0236279
-0.0611563,0.00434015,-0.0363279,-0.109922,0.0515476,0.00139799,0.0286281,-0.00123973,0.00631166,-0.057102,0.092093,-0.071593,0.0675754,0.013346,0.063889,-0.106292,-0.0283098,-0.053021,-0.177478,-0.0841685
0.0197742,0.0178315,0.0281649,-0.0637662,-0.0296013,-0.0235098,0.0109765,0.0599528,0.0388039,0.0231402,0.0630437,-0.0570917,0.0509263,-0.0335929,-0.0749234,0.0225704,0.0855917,0.0957912,0.0952831,0.0584688
-0.0792579,-0.109162,-0.00639064,-0.0217609,-0.00386064,-0.0284803,0.00261292,0.0097988,0.111007,0.017271,0.0243347,-0.0245719,0.00257313,-0.0218776,-0.0623102,-0.111895,-0.0151177,-0.129068,-0.0242029,0.00866072
0.0132316,0.0938071,-0.0275957,0.0472953,-0.109947,-0.0363324,-0.0312774,-0.0726132,-0.0857347,0.126155,-0.0129489,0.0680051,0.0159674,-0.151368,0.0493861,0.0848491,0.0261142,-0.0234545,0.00176019,0.111257
-0.0108082,-0.0387924,0.037433,-0.129262,-0.000966768,0.0183406,0.0916731,0.0471807,-0.0167511,0.00593876,0.109683,-0.129115,0.123441,0.0346066,-0.0110869,0.0667103,-0.0342796,-0.0615707,-0.0702773,-0.0501278
0.0533036,-0.109219,-0.0385201,-0.120666,0.0420491,-0.0178192,-0.0532584,0.0605038,-0.0297443,-0.153512,0.0512778,-0.00220944,0.0079014,-0.0220239,-0.103909,-0.0672966,-0.128381,-0.0533677,-0.0898352,-0.00528937
0.0343653,0.00291584,0.0817703,-0.0579742,0.098749,-0.102063,-0.0461126,-0.0902847,0.00865235,-0.0179473,0.0710584,0.0566379,0.110915,0.143907,-0.0724207,-0.101994,-0.0910728,-0.0852414,-0.112967,-0.0295903
-0.075986,0.0339404,-0.0377225,0.00970335,-0.0776461,-0.13211,0.05232,0.0236246,-0.0069969,-0.101415,0.00780018,0.0402635,0.127247,0.0154198,0.0856765,0.0229016,-0.11166,-0.0520944,-0.153035,0.03781
-0.08468,-0.015893,0.0110129,-0.0306063,0.0813093,-0.130739,0.0359537,-0.0572168,0.107271,0.0165414,0.0831757,0.0500141,0.10336,-0.0346319,-0.00208572,0.00665608,-0.0425483,-0.0514355,-0.0998765,-0.145723
0.073133,-0.0653966,-0.0109324,-0.0663314,0.076884,0.122532,-0.0258986,0.0252497,0.0889155,-0.036836,0.0102434,0.0139157,0.0761106,0.0889935,0.010546,0.0398811,0.0425596,-0.00120075,0.0564189,0.0770868
-0.1116,-0.122016,0.173904,-0.0214721,-0.0282666,-0.162192,0.1258,0.03055,0.0171849,-0.0689746,0.164894,-0.12351,-0.0278843,-0.0116575,0.0234121,-0.0768764,-0.039585,-0.0110908,-0.0286423,-0.00884804
-0.0721227,-0.10368,-0.0681985,-0.0992181,0.0599538,-0.0633113,0.0312499,0.0873299,0.0706457,0.035614,0.0146993,-0.0160651,-0.0972679,-0.0209796,-0.0477192,-0.0648181,-0.0213217,0.0125276,0.0397163,0.0520314
-0.0426077,-0.0290385,0.0089206,-0.0525665,-0.0134072,-0.0209406,-0.0540313,0.088292,-0.0149861,-0.103109,0.0660151,0.0408228,-0.0186639,-0.00781277,-0.0635654,0.0678306,0.0403615,0.00892669,-0.0405813,-0.0983305
-0.0133765,0.0470628,-0.092233,0.0758306,-0.085033,0.103156,-0.111134,-0.0112968,-0.0664032,0.154803,-0.024876,-0.0144607,-0.125458,-0.169287,-0.0233741,0.0867247,-0.0334384,0.0687649,0.223545,0.0658794
-0.0179434,0.150879,-0.0739195,0.0654961,-0.0593852,0.203485,-0.134906,-0.0450298,-0.101902,-0.00619005,-0.0895038,-0.00304604,-0.126496,-0.237879,0.0451181,0.064669,-0.00412435,-0.0259315,0.303032,-0.0143746
0.0336613,0.0542519,0.104244,0.0300211,0.0829252,-0.106053,0.0406965,-0.042206,0.119477,-0.131438,0.0639727,-0.0273085,0.0999728,0.0643843,0.0168909,0.059268,-0.000600541,-0.0698448,-0.130757,-0.126512
0.0494313,-0.0709669,-0.0427195,0.0258753,0.0126026,-0.0154212,0.115981,0.00344701,-0.0329525,-0.00672046,0.0236385,0.0580326,-0.0234186,0.140442,0.0377546,-0.0670555,-0.118025,-0.108202,0.0256234,-0.0467648
-0.054439,-0.241389,0.322055,-0.228734,0.175725,-0.382164,0.209569,-0.130312,0.152144,-0.345945,0.261003,-0.132322,0.228236,0.331031,-0.0437547,-0.051034,-0.319885,-0.215429,-0.621368,-0.241559
-0.0209166,-0.177246,0.154555,-0.114969,0.0473618,-0.246734,0.204172,-0.0865617,0.229603,-0.289058,0.131703,-0.0357802,0.0888984,0.167585,-0.0193825,-0.0962177,-0.193894,-0.200635,-0.292806,-0.152823
-0.0802911,-0.0631235,0.0854292,0.0134598,0.100547,0.00259365,0.0554441,0.0287342,0.0186916,0.0363367,0.0746461,-0.0876123,0.0284178,0.039735,0.0673896,0.00937541,-0.0448719,0.0252504,-0.0979276,-0.0670314
-0.0935112,0.0150852,0.0313495,0.0023918,-0.00584325,-0.0392223,0.131159,-0.00163293,0.15279,-0.123529,0.153043,-0.110741,0.163929,0.173615,0.00251269,-0.0410907,-0.174333,-0.110325,-0.177114,0.0146142
0.0839373,-0.0172188,-0.0501892,0.126857,-0.0313597,0.101101,-0.0579045,0.0638859,-0.162789,0.0659532,-0.0919765,-0.000661382,-0.172683,-0.0543548,-0.0898241,0.0492436,0.0599492,0.0374833,0.243395,-0.0519056
0.0285076,-0.0349075,-0.119008,0.101397,0.0682882,-0.0434914,-0.116308,-0.0609391,-0.0716116,-0.0384104,0.00672051,0.0310933,-0.115424,-0.0629099,-0.0552904,-0.0379797,-0.0499147,0.0975322,0.148916,-0.0651162
-0.0532797,0.10316,-0.0409648,0.0031649,-0.0107062,0.0595796,-0.0121409,-0.0694125,-0.153608,0.12705,-0.17194,-0.0266512,-0.081068,-0.230447,0.0605982,0.10559,0.0248149,0.0209453,0.282989,0.1116
-0.0440527,0.0375886,-0.148357,0.0274844,-0.0149207,0.159345,-0.0994518,0.0731222,0.0148388,0.0806413,-0.0928451,-0.0779472,-0.0717536,-0.0207118,-0.119702,0.0130002,0.140417,0.117161,0.16117,0.119547
-0.120732,-0.0871965,0.141377,-0.053526,0.00648524,-0.154377,0.121952,-0.0611233,0.164061,-0.0676834,0.055448,-0.0973123,-0.0046924,0.0628716,0.0169635,-0.122066,-0.0179903,-0.171516,-0.137071,-0.05876
-0.0512315,-0.0938595,0.175284,-0.0427228,0.0151994,-0.077937,0.155632,0.0491244,0.0237865,-0.0294631,0.152593,-0.135336,0.109021,0.172113,0.107246,-0.0285307,-0.04368,-0.0993858,-0.162343,-0.0517495
-0.08681,-0.111723,0.240185,-0.191937,0.141436,-0.306973,0.0616569,0.0353276,0.230492,-0.296422,0.280974,-0.114897,0.273504,0.282676,0.10835,-0.169085,-0.204113,-0.0603363,-0.284329,-0.141022
-0.176444,-0.100593,0.21415,-0.190723,0.131752,-0.295148,0.068808,0.00779417,0.249972,-0.22037,0.28337,-0.0766192,0.126128,0.189354,-0.0432646,0.01082,-0.172889,-0.228413,-0.451363,-0.0823105
-0.0709168,-0.149769,-0.0123617,-0.149626,-0.0467757,-0.0392348,0.142943,-0.0157467,0.00118653,-0.158359,0.0842411,-0.0531489,0.104063,0.0892239,0.0843852,-0.0795871,-0.133455,-0.0206362,-0.223477,-0.10079
-0.144209,-0.111631,0.0297552,-0.00954256,0.102488,-0.195799,0.0891382,-0.0585416,0.0499513,-0.0682086,0.0962792,-0.0870721,-0.0172471,0.189706,0.0518828,-0.0847931,-0.130148,0.00672884,-0.110733,-0.141766
-0.0465276,0.0956717,-0.00886293,-0.0359146,-0.058151,0.0455924,0.0019919,0.0465528,-0.0282417,0.125297,-0.104511,-0.0153135,-0.0298161,0.0340607,-0.0826118,0.0232599,0.127431,-0.0339023,0.152045,0.0315682
-0.00418329,-0.0742432,-0.099986,0.0297959,0.0723668,-0.0170198,0.0405598,-0.0661283,0.0548529,0.0610032,-0.0438533,0.0682432,-0.0849784,-0.14649,0.0660482,0.00603392,-0.00759354,0.044428,0.118915,-0.0131645
-0.00964511,-0.00164255,-0.114612,0.0349556,0.0598727,0.0357948,0.0602595,-0.0298207,-0.140379,0.119213,-0.0793883,0.0594856,-0.00640521,-0.051513,-0.0538019,0.0439425,0.132954,-0.0563564,0.218207,0.105749
0.0270764,-0.0500987,0.0409208,-0.0652569,0.0659779,-0.0484563,-0.0856158,-0.0453,0.0559212,-0.042229,-0.0754113,0.0961366,-0.0252013,0.0656526,0.093722,-0.0272813,-0.0410239,-0.00453566,0.037993,0.0599289
-0.0922062,0.0328062,-0.0174161,-0.0643206,0.0660066,-0.000795531,0.108473,-0.0599597,0.0170748,-0.0069087,0.169986,0.0342514,-0.0237962,0.120844,0.0373301,-0.00404403,-0.186338,-0.038298,-0.187562,0.0339349
-0.0547061,0.0700812,-0.0331997,-0.0234392,-0.0566278,-0.00104274,-0.115899,-0.0706023,-0.0712093,-0.00881144,-0.0681744,0.0709852,-0.0745392,-0.119894,-0.0334374,-0.0980006,-0.00954909,-0.0710952,0.193838,-0.086301
-0.0508428,-0.144171,0.0383417,-0.0572969,-0.00859848,-0.146612,0.0585277,0.0528865,0.00190369,-0.0436779,-0.0153044,-0.0497675,-0.0167597,0.0823348,-0.0360093,0.0156142,-0.136198,-0.0840139,-0.0369173,-0.113136
0.0286697,-0.12851,0.0821367,-0.0266248,0.111772,-0.151827,0.0794474,-0.0487862,0.101281,-0.10122,0.10987,-0.106805,0.136803,0.179488,0.0622388,-0.0379336,-0.184111,-0.144664,-0.174293,-0.0507022
-0.0568867,-0.0687763,0.0325091,0.0237857,0.0206337,-0.00225607,-0.0934625,0.0264547,-0.118012,0.102744,0.0296192,-0.0927474,-0.0216483,-0.136322,-0.0260905,0.0155613,0.00594774,-0.0869424,0.196799,-0.0794393
-0.0500668,-0.140255,0.152396,-0.170001,-0.0581925,-0.13315,0.0832405,-0.000457437,0.118211,-0.0943171,-0.0233803,-0.100617,0.0696184,0.180925,0.0131359,-0.0514653,-0.178296,-0.130546,-0.23151,-0.0185237
-0.0544157,0.0512326,-0.0763314,-0.0614367,-0.0028089,0.0791503,-0.128667,-0.00629753,-0.0494528,0.0651553,0.0261861,-0.0714063,0.00425803,-0.0175444,0.0608197,-0.0208141,0.0731297,0.0125007,0.127876,0.106858
0.0434753,0.0805897,0.0277258,0.0278108,0.0426746,-0.034432,0.0758359,0.0211374,0.0259105,0.0110224,-0.0662223,-0.0879276,0.0985569,-0.0637154,-0.0204011,0.00502604,-0.0468139,0.0672957,-0.0613237,0.00960095
0.0701298,0.0699575,0.0517236,0.0431087,0.0288115,-0.015532,-0.010701,0.0093405,0.00706673,0.0781563,-0.0335359,0.0807142,-0.0832071,-0.0267157,0.00518351,-0.0756181,0.0356758,0.0592663,0.192175,0.0655146
-0.00777062,-0.0260048,0.0979853,-0.0323079,0.0537624,-0.0483581,0.0361925,0.0211324,0.126987,-0.0294222,0.116642,0.038796,0.0915352,0.133934,-0.000987514,-0.10969,-0.185488,-0.123075,-0.103495,-0.00316649
-0.116159,-0.044124,0.103797,-0.0521117,0.123628,-0.181765,0.0561524,-0.0721645,0.125115,-0.0170276,0.0726383,-0.0778157,0.168181,0.175943,0.0295024,0.0144678,-0.134791,-0.0535081,-0.284751,-0.116707
-0.0810746,-0.173752,0.0261748,-0.0164559,-0.0550712,-0.150256,0.140004,0.0248061,0.0955964,-0.200786,0.147197,-0.149652,0.024335,0.197474,0.0579751,-0.0264762,-0.0748502,-0.0257579,-0.127101,-0.144499
0.0052622,-0.0618314,-0.0190048,-0.0679024,0.0558276,-0.11944,0.118884,-0.0724024,0.143426,-0.0627185,0.0188883,-0.113916,0.140517,0.0730412,0.0449366,-0.0445497,-0.00882187,-0.132155,-0.0876296,-0.110619
0.0379073,-0.0520582,0.0869246,-0.105309,0.0902373,-0.127769,0.136362,-0.120844,-0.014509,-0.033443,0.12313,-0.092541,0.0418629,0.0246066,0.101971,-0.129545,0.000500786,-0.135809,-0.0349593,-0.00023567
-0.035922,-0.0121163,0.0034237,-0.0674393,-0.110509,0.087816,-0.110188,-0.0686343,0.0535896,-0.0591481,-0.0326618,-0.0575948,-0.031942,0.0373232,-0.0292929,-0.0240085,-0.00875888,-0.0557972,0.060351,-0.0795911
0.00744842,-0.166706,0.124836,-0.0868713,0.0959608,-0.220977,0.0340699,-0.131367,0.15166,-0.119482,0.22993,-0.0524115,0.138736,0.238402,0.119201,-0.0197381,-0.0669558,-0.0773316,-0.201903,-0.0193975
0.00651079,-0.088546,-0.0081708,0.0595732,0.0188589,-0.0977247,0.107743,0.0696633,0.0783842,0.00791042,0.113618,-0.0925514,-0.053737,0.111348,0.0647291,-0.0366934,-0.0887734,-0.12206,-0.0989088,0.0418624
0.056809,0.0301111,-0.00746035,-0.0605742,0.0269651,-0.112006,-0.0318993,-0.0421157,0.0313407,-0.099434,-0.0107582,0.00695204,0.110372,0.028239,0.0120804,-0.0161239,0.00888689,-0.00484266,-0.156808,-0.0727003
-0.059581,-0.00230353,-0.0452545,-0.0598732,0.0573829,-0.0853327,-0.0466052,-0.0326762,0.0204201,-0.0783511,0.0391279,0.0161508,-0.09457,-0.0309005,-0.0549812,0.0636375,0.0148405,0.0865464,-0.0211269,0.082897
-0.0398349,-0.17237,0.134878,-0.124101,0.111121,-0.155471,0.156872,-0.113479,0.158707,-0.142776,0.0487444,-0.13052,0.0213305,0.0787024,0.0819466,-0.126979,-0.0203576,-0.0976965,-0.18621,-0.130094
-0.00390159,0.0144537,0.0487568,0.0400017,0.0328505,-0.069019,0.0454105,-0.0888678,-0.0460807,-0.0468218,0.0991784,-0.0978274,0.0903051,0.103816,-0.0307982,0.0103515,-0.0197845,0.0817124,-0.0931365,-0.066297
-0.0434646,-0.0458964,-0.00227514,-0.0394486,0.0500506,-0.0804543,-0.00825959,0.00671499,-0.0272596,0.0328304,0.0119786,-0.0720934,0.0546597,0.0232654,-0.0584409,-0.00928095,-0.00351707,-0.0625416,0.00234274,0.028997
-0.0336818,0.0380443,-0.0793467,0.00846747,-0.12203,0.0554326,-0.0122342,-0.0389687,0.00956834,0.166236,-0.121053,0.0816923,-0.114212,-0.177725,0.0350435,-0.0314634,0.0991794,0.061705,0.156454,0.00825355
-0.0133803,0.102933,-0.0502074,0.118472,-0.143409,0.120962,-0.121477,-0.0619738,-0.135316,0.0773154,-0.0386237,0.094023,-0.150026,-0.149558,0.0185332,-0.049982,0.0145454,0.129172,0.320487,0.0518135
0.104474,-0.0146303,-0.0373161,0.00299476,-0.0347797,0.07891,-0.0422467,-0.0625917,-0.0571763,-0.0358845,-0.0588368,0.048905,-0.106371,-0.102711,0.0663874,0.0701782,0.0692752,0.088776,0.155911,0.0179744
-0.120134,-0.0498257,0.130958,0.0269466,0.0664338,-0.0419947,0.0197878,-0.0704905,0.141903,0.00957203,0.153906,0.0291203,0.0912698,0.0557058,0.0590077,-0.109138,-0.0481675,-0.0756761,-0.122954,-0.00567326
0.0091174,-0.0479896,0.0916114,-0.0259869,0.108622,-0.0092259,0.0605897,0.0688947,0.00522321,-0.0279235,-0.0621371,-0.0701329,0.0211671,-0.0446772,-0.0811253,-0.054064,-0.0726961,0.0588658,-0.0586197,-0.118773
0.0307138,-0.00437379,0.149984,-0.00442787,-0.0466709,-0.0942117,0.0309814,0.0322162,-0.000766227,-0.112164,0.181709,0.04981,0.164486,0.131108,-0.013626,-0.0728918,-0.0868945,-0.129692,-0.25785,0.0346562
-0.0784543,-0.0815593,-0.0125739,0.0770277,0.0180511,0.0695202,-0.00641867,-0.0945974,0.0976149,-0.0169874,0.0335387,0.0733799,0.0779734,0.0733806,0.0217039,0.0263488,0.0909736,0.0996957,0.0749821,-0.0702431
-0.112481,-0.127726,0.0192036,-0.0639033,0.0165881,-0.168363,0.0551445,0.0577425,0.0651534,-0.0828701,0.0773214,-0.0802863,0.144111,0.154719,0.0588698,-0.118243,-0.0525897,-0.139171,-0.188323,-0.140608
-0.0193546,-0.0283566,0.0240102,-0.00278514,0.000837146,-0.15149,-0.0296764,-0.0984301,0.089015,-0.062637,0.105006,0.0395527,-0.0373608,0.0591073,-0.0818352,-0.0754264,-0.0422563,0.00722915,-0.0701505,-0.0239542
0.0870171,-0.032435,-0.045067,0.0714592,0.0950458,-0.0215526,0.104544,-0.0753269,0.0482863,0.0191271,-0.0217942,-0.0510745,0.00280525,0.118706,-0.0359083,-0.103573,-0.0430234,0.0872383,0.0478627,0.0793821
-0.0866987,-0.0202804,-0.126326,0.0146818,-0.0919208,0.141703,-0.0490975,0.060059,0.0031957,-0.0673348,-0.061357,-0.0479448,0.00337229,0.00602888,-0.0623037,0.0139987,0.0172333,-0.020018,0.026958,0.01314
0.0568167,-0.064477,-0.0346398,0.0176482,-0.0816286,0.0588468,-0.0952768,-0.0372378,-0.0731967,0.0612836,0.00140602,0.108493,-0.127787,-0.121312,-0.0674155,0.0768789,-0.0535616,-0.058503,0.0274975,-0.0721895
-0.033156,0.0174433,0.0609077,-0.0498921,-0.0523861,-0.0163875,0.0547632,0.0561263,-0.0621861,0.0177618,-0.0173171,0.0130457,-0.0526201,0.110553,0.00620115,0.0705987,-0.0534308,-0.00226577,-0.0379248,-0.064487
-0.0988732,-0.0498726,0.143626,0.00366818,0.0970032,-0.18112,0.0713234,0.00329802,0.0901168,-0.0213587,0.109252,-0.00427361,0.0307037,0.0553495,0.111977,-0.0763837,0.0146417,-0.100551,-0.205198,0.0119996
-0.0405687,-0.0322139,0.151378,-0.0106553,0.0170481,-0.0958606,-0.0189263,0.0847155,0.0129546,-0.183302,0.130344,0.00818299,0.049157,0.127325,0.0241053,-0.0742312,-0.0943666,-0.055218,-0.266891,-0.0494523
-0.103888,0.0237018,0.130064,-0.0307119,-0.0618876,-0.00682548,0.13374,0.0388488,0.0293587,-0.00630098,0.0649521,-0.0723876,0.0432943,0.0339436,-0.0144691,-0.0337157,-0.10585,-0.143448,-0.159176,-0.0926408
-0.1028,0.0811538,-0.0827505,0.0645094,0.00606147,0.189363,-0.149513,-0.0107822,-0.166125,0.0409095,-0.158831,0.00564977,-0.154282,-0.220784,0.00855082,0.00611347,0.0650361,-0.039587,0.377363,0.00107555
weights:second
0.331143
0.674651
-0.739935
0.596983
-0.367643
1.13364
-0.536116
0.125034
-0.656352
0.856131
-0.828568
0.405063
-0.691061
-1.07007
-0.129833
0.432882
0.834288
0.709958
1.82501
0.544909
0.0552979